126.165160906
94.6429625117
95.9923559554
97.2709191941
93.5337795276
93.5861966739
93.8255529956
93.5531971751
93.1955981063
93.1953262517
93.0075966141
93.0297825621
92.8950877064
92.2945666434
92.3415440134
92.2521480925
92.269619506
92.4100349095
92.3045593398
92.3013115671
92.2275370674
90.857335715
91.6416766534
93.1919439311
92.1999301124
92.0000712974
91.8335793978
92.2005442751
92.0967697596
94.7432731588
93.4206677653
92.8354890645
92.6507343888
92.6719457123
92.2558082882
92.350260747
92.256700744
92.2833163528
92.3501949899
92.1359672856
92.445604112
92.6131487247
86.3173856394
85.4910771343
86.0713831671
83.228729553
84.7813376014
86.1027938568
86.6372444025
86.9030040395
86.8218895184
87.0298669748
84.9584861113
86.1701213533
86.672329021
87.0398647699
84.5326191473
85.8585103507
86.1956802891
85.8194425545
86.6181876169
87.078040024
87.2197488092
87.379899329
87.1618660481
86.852024046
86.9491415149
85.6571062273
84.748798702
86.0006224252
86.7161418485
87.2080646411
85.9331199699
86.6358133097
85.6378591202
85.8190538759
86.8192164882
87.1738753507
87.4094397679
87.2198412798
87.0635292449
87.3117153586
87.3028915747
87.523624811
85.823826931
86.5389097855
87.0600618979
87.3905904361
87.5149923129
86.1684604348
86.9377886308
86.9394760352
84.7737004453
86.0282465485
86.8482599839
87.5084576313
87.8329992997
87.6100000045
87.6275416277
84.6693985901
87.2121249675
87.727785647
87.7472763707
88.0714682536
79.2667432336
66.2574596432
72.6387737111
76.5305661076
78.7615845883
81.4359022748
78.5694726215
78.5138265139
79.5290430074
80.4692169327
81.0424852692
74.1294233673
80.2424757225
87.6739408801
82.9672571884
94.0073575612
90.6764332989
89.0300525543
88.333460749
88.0735039474
86.0334601225
86.6050077799
87.1440283093
87.6772954857
87.9232471135
86.5765150764
87.3558457656
87.8662560732
87.3924751954
87.8820194377
88.0726437836
88.3701282448
88.3999124571
88.4462897894
88.6547176055
88.6897789978
88.6392382141
92.781077808
97.0486314739
100.144073549
103.920692461
111.111794893
88.2826405191
86.9984328277
92.5706144857
95.2865922797
103.568951118
97.3693904083
84.3798086249
83.1421214585
81.1104127007
84.2098591722
95.5256898715
86.6940999048
77.5593795477
86.2429114141
92.680749101
95.4554063657
100.268661024
93.0199157587
84.7652764695
86.6215210828
90.8839912323
75.0677897613
78.8416829978
86.0330044006
89.7540659132
88.0983327872
95.5870545684
79.418399556
86.3913879372
90.3959200449
93.1001432252
94.5992234115
95.6327288339
96.5453386562
97.1788561163
97.6211123539
97.7486097089
97.8608838788
97.7968748149
96.7163618805
97.4249221153
181.321467067
145.313981097
105.68218525
103.513328473
108.338411597
90.2945190393
66.5531881386
78.204447845
74.5456025785
68.2041174038
69.263734911
70.5591759138
63.0864019219
62.4548970732
64.1566350827
66.4685429589
67.2554682041
69.6633955521
71.7244586262
71.0078188102
73.0492487417
73.833306392
71.7368881224
73.3892948361
68.5110989527
69.0764206587
67.0398498317
61.9731305337
59.8985503021
73.596074803
82.9904206895
88.8859288322
92.4020622307
95.051363842
97.4831684815
101.633944681
103.982717466
105.698187904
105.829545685
105.710813156
104.404005508
101.720208443
101.889247193
101.595669637
99.2967785506
100.059280574
100.554768458
100.935109816
101.317776213
101.464708815
101.516933571
100.387312181
99.5109005504
99.3962426393
98.7948920615
98.8907218988
99.4568557759
99.5768189449
96.6251315641
97.4606950767
98.1066353225
96.60564549
97.7389178186
98.8408144784
99.3545701678
99.4506408259
99.1818788563
99.0329965379
99.2603607556
99.2818735041
99.2600298536
99.0231521094
99.3989004116
99.3764691928
96.3609617056
96.8831991533
98.1345142053
98.9285382705
96.5552809388
97.924440873
98.947104689
99.283389289
99.5870652363
97.5497171404
98.3457457229
71.6758347567
77.430979701
86.9040162931
92.6533697216
95.2474652022
95.8136575802
88.4541891806
92.4602988516
95.4763192215
97.8475105793
99.0340042997
99.5146658285
99.4387318556
79.7966872896
77.5540508995
84.5800597402
76.2199419164
71.9067252511
71.2274714812
71.9676225096
74.7674114607
73.7435689036
73.7970438051
82.5866905837
87.4987438002
90.0943387946
90.5986106146
91.5004523128
93.3231557501
94.7412062126
93.7501912001
96.1091250263
97.0103603519
96.149008308
96.2716824884
98.4175994207
98.2108512963
98.0827764393
97.3063810741
100.951694558
96.8590408241
100.329509694
102.690273607
92.0925360498
94.9573996201
97.2692878542
99.6141347165
103.596877095
106.052886368
106.8171969
106.181210639
106.117511056
105.662920936
104.658571002
103.715902364
99.9154481021
99.2942855932
99.717189094
99.9095235104
100.227499269
100.621312991
100.637611383
100.839704027
85.9251918719
85.2716843015
94.965604174
100.352432955
68.9102016372
82.9008498057
71.0268838087
73.5976589018
69.1483120518
74.6987204672
205.886651921
122.639616172
102.704690372
92.9722051902
89.2085037265
87.436105659
85.9488393873
82.7357028576
84.0902128787
83.4231045536
80.71149278
79.9188345889
83.356380831
84.8760187474
79.995715704
78.0885822576
76.1044076511
73.2401071433
70.6531417954
72.1213226871
74.8345470751
78.2912830767
78.9198522826
80.3501709451
78.1597850812
78.2577090942
66.9884194347
73.7782780337
74.8702179297
77.1059174401
75.1262434636
72.780306722
71.1884427465
71.0976039244
70.9237750718
68.6320314581
66.8707920955
67.1309217308
59.3217190752
59.0732869059
59.919033679
58.2610220107
57.2304997217
55.1485791305
53.9558925473
76.1104295294
66.5012620289
75.1619944933
66.7128891182
70.0672416308
74.5958663312
73.0974050832
71.1023673873
131.906411102
84.6300557677
81.8270356176
66.3410492809
65.8887229025
82.906863153
65.0582190415
59.2515089874
80.9551359336
