126.165160906
94.6429625117
95.9923559554
97.2709191941
93.5337795276
93.5861966739
93.8255529956
93.5531971751
93.1955981063
93.1953262517
93.0075966141
93.0297825621
92.8950877064
92.2945666434
92.3415440134
92.2521480925
92.269619506
92.4100349095
92.3045593398
92.3013115671
92.2275370674
90.857335715
91.6416766534
93.1919439311
92.1999301124
92.0000712974
91.8335793978
92.2005442751
92.0967697596
94.7432731588
93.4206677653
92.8354890645
92.6507343888
92.6719457123
92.2558082882
92.350260747
92.256700744
92.2833163528
92.3501949899
92.1359672856
92.445604112
92.6131487247
86.3173856394
85.4910771343
86.0713831671
83.228729553
84.7813376014
86.1027938568
86.6372444025
86.9030040395
86.8218895184
87.0298669748
84.9584861113
86.1701213533
86.672329021
87.0398647699
84.5326191473
85.8585103507
86.1956802891
85.8194425545
86.6181876169
87.078040024
87.2197488092
87.379899329
87.1618660481
86.852024046
86.9491415149
85.6571062273
84.748798702
86.0006224252
86.7161418485
87.2080646411
85.9331199699
86.6358133097
85.6378591202
85.8190538759
86.8192164882
87.1738753507
87.4094397679
87.2198412798
87.0635292449
87.3117153586
87.3028915747
87.523624811
85.823826931
86.5389097855
87.0600618979
87.3905904361
87.5149923129
86.1684604348
86.9377886308
86.9394760352
84.7737004453
86.0282465485
86.8482599839
87.5084576313
87.8329992997
87.6100000045
87.6275416277
84.6693985901
87.2121249675
87.727785647
87.7472763707
88.0714682536
79.2667432336
66.2574596432
72.6387737111
76.5305661076
78.7615845883
81.4359022748
78.5694726215
78.5138265139
79.5290430074
80.4692169327
81.0424852692
74.1294233673
80.2424757225
87.6739408801
82.9672571884
94.0073575612
90.6764332989
89.0300525543
88.333460749
88.0735039474
86.0334601225
86.6050077799
87.1440283093
87.6772954857
87.9232471135
86.5765150764
87.3558457656
87.8662560732
87.3924751954
87.8820194377
88.0726437836
88.3701282448
88.3999124571
88.4462897894
88.6547176055
88.6897789978
88.6392382141
92.781077808
97.0486314739
100.144073549
103.920692461
111.111794893
88.2826405191
86.9984328277
92.5706144857
95.2865922797
103.568951118
97.3693904083
84.3798086249
83.1421214585
81.1104127007
84.2098591722
95.5256898715
86.6940999048
77.5593795477
86.2429114141
92.680749101
95.4554063657
100.268661024
93.0199157587
84.7652764695
86.6215210828
90.8839912323
75.0677897613
78.8416829978
86.0330044006
89.7540659132
88.0983327872
95.5870545684
79.418399556
86.3913879372
90.3959200449
93.1001432252
94.5992234115
95.6327288339
96.5453386562
97.1788561163
97.6211123539
97.7486097089
97.8608838788
97.7968748149
96.7163618805
97.4249221153
181.321467067
145.313981097
105.68218525
103.513328473
108.338411597
90.2945190393
66.5531881386
78.204447845
74.5456025785
68.2041174038
69.263734911
70.5591759138
63.0864019219
62.4548970732
64.1566350827
66.4685429589
67.2554682041
69.6633955521
71.7244586262
71.0078188102
73.0492487417
73.833306392
71.7368881224
73.3892948361
68.5110989527
69.0764206587
67.0398498317
61.9731305337
59.8985503021
73.596074803
82.9904206895
88.8859288322
92.4020622307
95.051363842
97.4831684815
101.633944681
103.982717466
105.698187904
105.829545685
105.710813156
104.404005508
101.720208443
101.889247193
101.595669637
99.2967785506
100.059280574
100.554768458
100.935109816
101.317776213
101.464708815
101.516933571
100.387312181
99.5109005504
99.3962426393
98.7948920615
98.8907218988
99.4568557759
99.5768189449
96.6251315641
97.4606950767
98.1066353225
96.60564549
97.7389178186
98.8408144784
99.3545701678
99.4506408259
99.1818788563
99.0329965379
99.2603607556
99.2818735041
99.2600298536
99.0231521094
99.3989004116
99.3764691928
96.3609617056
96.8831991533
98.1345142053
98.9285382705
96.5552809388
97.924440873
98.947104689
99.283389289
99.5870652363
97.5497171404
98.3457457229
71.6758347567
77.430979701
86.9040162931
92.6533697216
95.2474652022
95.8136575802
88.4541891806
92.4602988516
95.4763192215
97.8475105793
99.0340042997
99.5146658285
99.4387318556
79.7966872896
77.5540508995
84.5800597402
76.2199419164
71.9067252511
71.2274714812
71.9676225096
74.7674114607
73.7435689036
73.7970438051
82.5866905837
87.4987438002
90.0943387946
90.5986106146
91.5004523128
93.3231557501
94.7412062126
93.7501912001
96.1091250263
97.0103603519
96.149008308
96.2716824884
98.4175994207
98.2108512963
98.0827764393
97.3063810741
100.951694558
96.8590408241
100.329509694
102.690273607
92.0925360498
94.9573996201
97.2692878542
99.6141347165
103.596877095
106.052886368
106.8171969
106.181210639
106.117511056
105.662920936
104.658571002
103.715902364
99.9154481021
99.2942855932
99.717189094
99.9095235104
100.227499269
100.621312991
100.637611383
100.839704027
85.9251918719
85.2716843015
94.965604174
100.352432955
68.9102016372
82.9008498057
71.0268838087
73.5976589018
69.1483120518
74.6987204672
205.886651921
122.639616172
102.704690372
92.9722051902
89.2085037265
87.436105659
85.9488393873
82.7357028576
84.0902128787
83.4231045536
80.71149278
79.9188345889
83.356380831
84.8760187474
79.995715704
78.0885822576
76.1044076511
73.2401071433
70.6531417954
72.1213226871
74.8345470751
78.2912830767
78.9198522826
80.3501709451
78.1597850812
78.2577090942
66.9884194347
73.7782780337
74.8702179297
77.1059174401
75.1262434636
72.780306722
71.1884427465
71.0976039244
70.9237750718
68.6320314581
66.8707920955
67.1309217308
59.3217190752
59.0732869059
59.919033679
58.2610220107
57.2304997217
55.1485791305
53.9558925473
76.1104295294
66.5012620289
75.1619944933
66.7128891182
70.0672416308
74.5958663312
73.0974050832
71.1023673873
210.45063729
121.576539805
98.8222716666
92.4223953542
88.9841280775
81.0321541205
97.7771489234
89.0977487497
72.5021803192
65.1896734769
65.0172472284
80.8973127625
91.6820559028
98.9889416663
84.2050712858
79.9747648488
77.8281495724
74.4330371441
71.0446936111
68.9123795329
68.0523671984
64.8438041062
63.4719283753
60.6798379732
56.6055251973
69.7274585955
78.4077460515
83.8947572932
86.3972193875
86.6411105834
87.8561619209
88.4049162498
88.5046920947
88.8435316157
89.8258344224
88.7167468695
84.9270929892
85.059377375
85.1869354486
85.1594521725
84.9407381392
84.8395378129
84.7944275758
84.9009584594
84.6359122143
84.9679702604
85.06785334
84.929271595
85.1993021278
85.1626049174
84.7832678057
81.7509017542
83.3410945162
84.0862522237
84.2300287576
84.4818082216
84.4765240001
84.4819074403
81.8386298001
83.4208638596
84.2075393594
84.8614691826
84.9115238956
84.2201652389
84.2910623726
81.7398465522
83.1326536938
82.5101162467
64.9559978224
72.88694281
78.6583112726
79.3506452362
81.766174464
83.9510257768
84.0532036171
84.2874981221
84.8179245122
86.1793739053
85.1005084414
84.755781073
84.1290978194
81.6370591528
82.9494417887
83.8929588361
85.7136082145
255.190458735
129.204606495
102.931331272
93.6130383088
88.3427208845
86.7813148364
85.9567973804
85.3556139296
83.0942309832
83.1810843785
83.7428058864
82.6324812475
83.3346777161
84.0671583895
84.0633965898
81.7621309456
83.2492162771
84.0949401538
84.0877064828
84.2418816944
84.1171458389
84.2586557489
84.1688231283
82.1645373188
83.3987098565
82.6526874019
83.3417088254
83.6854665101
84.1841522813
84.2498871859
82.7694589684
83.7548332163
82.6920874875
83.6339229833
84.1246852774
84.4521484894
84.1998013502
84.0812711211
83.9319120465
82.6047995246
83.6440294207
84.1926471312
84.4331756441
84.3929282676
84.3061980653
83.585461012
82.0476835136
82.7333926009
83.0856925396
83.780923353
83.9373039296
84.1099356854
84.2861074325
84.6539932775
84.9098035239
67.2965477866
84.2296583886
83.4966682371
84.0444140723
83.5641047186
83.2449124228
83.3310321332
83.8714545656
83.257745761
84.03816711
83.6330512091
84.2049304995
82.3639907589
83.3818822922
83.860508848
84.0362699787
84.1302204698
84.1404900798
84.0216054939
83.3762336585
83.8112641401
83.950469841
83.8780695598
84.0458581378
84.1272201394
83.9074921326
80.1507295506
82.2129341724
83.4052610492
84.3729887171
84.9037035648
85.7149639181
84.4318535616
81.4594071834
133.919605103
98.3725149196
92.1301296845
92.8062279367
94.2524604227
108.031886285
117.587496861
107.648371414
94.6879863571
89.0499509962
99.9425191408
97.5612050905
92.5731115914
79.9990724507
72.4651447583
90.0875131724
84.6917046419
103.121407505
116.073883651
119.822545472
129.434185656
116.366676431
111.756850989
108.870115856
104.472344626
103.832399715
103.596236904
103.657765081
102.823538043
102.382524711
102.335676295
101.342294659
98.0261595999
94.206267748
93.1401350489
91.3918947394
87.6733248233
84.7924932622
85.1648637253
81.4759688713
79.3840026621
83.2790457556
80.1964616296
63.8802153428
64.9250839598
62.4312276989
58.7220456553
57.8117437737
69.8710885931
85.9053472128
93.303517629
101.199920379
101.543055724
96.618716169
86.7879940339
78.3244859509
148.442825872
109.361731253
95.7755898983
90.1148927262
87.7553811233
94.2604951583
101.157762096
108.902798344
113.2656664
115.094238455
116.238627454
117.629220442
116.887722589
116.230185719
116.71710036
116.497561792
116.711723387
116.332924761
116.593462015
116.043545738
115.435522406
115.601527899
115.653821029
114.894697598
110.492313063
112.375432688
109.666886187
112.166050199
113.540101515
113.73041842
114.057345507
114.083056498
113.834100338
114.187746833
113.10485707
113.25538262
109.686999679
111.521556631
112.283810244
112.481272486
112.827763175
112.95350005
113.176601435
109.625583247
111.224950997
111.67201264
112.116239046
111.940943105
112.347579079
112.715540439
112.5045457
112.370837077
112.366882718
112.121429125
111.919932061
108.703670687
110.330788059
111.09392674
111.672520096
111.731911613
111.501192351
111.509775149
108.469528663
110.398952134
110.778949977
107.275012461
115.71630553
112.755832841
112.072933252
110.793223855
110.182281157
109.113614415
110.596664445
110.192028627
110.131757275
106.87263577
107.715768971
108.569043227
108.997087572
109.330115446
109.448938696
105.800147704
107.632869005
108.709189392
105.427181409
106.772277218
107.848523234
108.489402843
108.926378212
108.945350485
105.571010711
106.932544309
107.881129719
104.77176536
105.860580292
107.094853793
107.768770087
107.986844442
107.92529181
105.649689142
107.220826522
108.023470394
108.414321305
108.283956945
108.532595009
108.652018185
108.529454406
108.502602515
108.475433093
108.05042071
108.287387844
107.925476815
107.872804807
183.55642142
85.7253750724
71.0001452966
129.88266042
121.919216448
96.0904614439
89.0297890456
68.9268646215
220.248974276
143.452961909
112.258548868
102.221571864
98.4680733889
86.3625198593
79.7055733253
75.9618981792
72.1852840231
67.5064792018
69.3514362058
81.9303520632
85.4424302915
87.3059194602
87.7665352983
87.7427105855
87.7669375576
87.5489422272
87.0646604658
87.4115756368
87.8575089937
88.2541176088
88.4017691152
88.5273989166
88.6910686921
88.5293573766
88.3593150593
88.0463510738
87.7124900031
85.6139897665
86.7090176511
87.154358945
87.5423089345
86.0961956922
87.1101111344
87.5639857124
86.1522352823
87.0337459334
87.333468526
87.8255010456
87.7678819796
85.7631368966
71.2142876374
79.2790587435
68.5899182629
64.8076174098
72.7715444808
78.8479253155
82.0117247903
83.3923532457
82.63595523
84.0944338851
84.6029895755
86.2073482996
85.9359197124
85.287197364
85.1056968105
85.1231152031
85.0165151235
85.3536500877
85.5604114041
85.4601126992
84.2423407886
84.7881695632
84.9442732664
84.8995757516
84.3058211152
84.4598917041
84.3978925563
82.4283192882
83.4763837776
84.0914904368
84.2324171022
84.3111212067
84.6602845643
84.8076495778
82.8316163582
83.9210104183
84.6791380806
84.9715109608
84.9614537196
84.8420174391
85.2156687351
83.782104963
84.7380782774
85.1968833817
85.3210772389
85.3755180738
85.432989283
85.232311463
83.1712445842
83.0081549439
79.854478731
82.2324060939
81.9353991826
83.5769200691
84.8397306129
93.7481832613
89.4032343545
87.4279571762
86.1168045663
83.2423313616
83.8644110262
84.3895177199
82.1104139489
83.220316968
83.8173355654
84.0699759412
82.0458763957
83.1843386214
84.0956472132
84.0764013773
84.0817946056
84.2907459305
84.6814149602
84.1520038655
81.8620693414
83.2716747009
83.8930155963
84.0808675638
83.3361724858
80.0012080558
79.3912454271
240.1359183
169.326378608
145.954122812
137.995591921
134.82560497
132.914304976
132.071368504
131.598442229
130.921839027
130.155954714
129.388365126
129.949844627
130.286859886
130.518033062
129.000262765
129.363389373
128.787594887
123.765621463
126.869441107
127.664872858
129.258574056
130.1229317
130.010324639
130.263184921
128.53361371
123.513467259
126.888372703
128.760409297
130.32176441
130.2327771
129.590132698
130.294971643
129.31599219
130.940375416
129.730738468
130.055315724
125.201072042
122.363431866
126.044251871
127.905265242
127.805043367
127.917725385
128.81223255
128.656778055
128.309032465
128.191572297
125.739315506
111.873105993
112.885291413
72.9473130204
66.4562016054
87.3654751881
104.052757057
114.927371525
121.600392162
125.059994145
126.942529428
127.953075311
127.843582408
128.223419442
129.160284605
128.290530063
129.174263083
128.650776239
130.350366756
129.954381472
88.8663398556
85.8581328421
84.5562049757
83.6479288393
76.0771970065
82.2417037541
83.0694203833
84.1295488154
82.6966937703
83.3586898888
84.0354492475
85.2568014204
81.6661978703
84.0073704212
83.7775241659
83.5277280929
83.0815920157
83.2645473123
83.4757734617
81.2209521176
71.7183565869
73.9220367814
78.4675830654
77.0945645675
75.6114078188
79.0709184911
85.378840328
89.6650345691
84.0299033661
71.370184755
91.3007072186
92.5242041625
88.7234775634
86.2206853291
91.0885301211
88.8343554959
85.0987487737
84.2217374396
256.391091351
92.7711520471
103.095383099
